6
0 59 40 43 23 13
59 0 92 69 75 68
40 92 0 83 17 27
43 69 83 0 66 56
23 75 17 66 0 10
13 68 27 56 10 0
