6
0 17 36 68 40 43
17 0 19 54 57 46
36 19 0 35 65 63
68 54 35 0 83 45
40 57 65 83 0 83
43 46 63 45 83 0
