10
0 30 84 49 56 32 15 65 51 46
30 0 68 19 26 19 18 46 27 33
84 68 0 66 62 52 78 34 41 66
49 19 66 0 45 38 37 32 25 51
56 26 62 45 0 44 44 38 31 57
32 19 52 38 44 0 26 35 40 14
15 18 78 37 44 26 0 61 45 40
65 46 34 32 38 35 61 0 57 49
51 27 41 25 31 40 45 57 0 26
46 33 66 51 57 14 40 49 26 0
